0 0 0 400 1 -> 1 0 4 
1 0 4 400 5-> 2 0 2
2 0 2 400 5-> 3 0 2 -> 4 1 2
3 0 2 400 5-> 5 0 10 -> 6 2 10
4 1 2 200 5-> 7 1 10 -> 8 3 10
5 0 10 400 1-> 9 0 5
6 2 10 200 1-> 10 2 5
7 1 10 200 1-> 11 1 5
8 3 10 200 1-> 12 3 5
9 0 5 400 1 -- 0 -> 13 0 4
10 2 5 200 1 -- 9 0 5 -> 14 2 4
11 1 5 200 1 -- 9 0 5 -> 15 1 4 
12 3 5 200 1 -- 9 0 5 -> 16 3 4
13 0 4 400 10 -> 17 0 5
14 2 4 200 5 -> 18 2 5 
15 1 4 200 5 -> 20 1 5
16 3 4 200 5 -> 22 3 5
17 0 5 400 1 -- 18 2 5 -> 23 0 3
18 2 5 200 1 -- 17 0 5 -> 19 2 5
19 2 5 200 1 -- 20 1 5 -> 23 0 3
20 1 5 200 1 -- 19 2 5 -> 21 1 5
21 1 5 200 1 -- 22 3 5 -> 24 1 3
22 3 5 200 1 -- 21 1 5 -> 24 1 3
23 0 3 400 1 -> 25 0 3
24 1 3 200 1 -> 26 0 3
25 0 3 400 1 -> 26 0 3
26 0 3 400 1 -> 27 0 5
27 0 5 400 1 -- 0 -> 28 0 4
28 0 4 400 5 -> 29 0 1
29 0 1
